5337.848
5331.353
5310.724
5310.724
5290.494
5248.546
5227.483
5227.483
5211.105
5201.333
5201.333
5201.333
5168.111
5163.813
5163.813
5163.813
5163.813
5163.813
5163.813
5124.617
5124.617
5124.617
5124.617
5124.617
5124.617
5069.556
5069.556
5059.595
5059.595
5040.594
4999.908
4968.213
4968.213
4968.213
4968.213
4960.293
4960.293
4960.293
4960.293
4857.436
4857.436
4841.165
4827.370
4827.370
4827.370
4811.424
4793.762
4793.503
4793.503
4778.045
4778.045
4754.315
4734.972
4734.972
4734.972
4734.972
4734.972
4684.501
4682.804
4682.804
4682.804
4652.357
4633.805
4633.805
4577.907
4495.758
4411.275
4411.275
4411.275
4392.472
4390.042
4382.409
4365.540
4365.540
4365.540
4365.540
4365.540
4361.972
4338.697
4338.697
4332.818
4332.818
4324.136
4309.454
4309.454
4305.048
4305.048
4283.175
4283.175
4283.175
4283.175
4283.175
4275.248
4270.852
4270.852
4270.852
4270.852
4270.852
4270.852
4270.852
4270.852
4218.592
4218.592
4218.592
4218.592
4218.524
4218.524
4218.524
4218.524
4143.983
4081.076
4081.076
4081.076
4059.247
4059.247
4059.247
4059.247
4059.247
4059.247
4059.247
3998.469
3915.004
3909.517
3901.750
3901.750
3901.750
3901.750
3901.750
3901.750
3901.750
3901.750
3901.750
3901.750
3881.306
3869.282
3869.282
3869.282
3869.282
3869.282
3869.282
3854.073
3854.073
3841.366
3841.366
3827.262
3827.262
3820.199
3798.181
3798.181
3782.998
3742.711
3742.711
3742.711
3742.711
3742.544
3737.492
3737.492
3737.492
3737.492
3737.492
3737.492
3737.492
3737.492
3715.489
3715.489
3708.296
3704.569
3703.295
3703.295
3703.295
3692.458
3692.458
3692.458
3662.673
3662.673
3662.673
3662.673
3662.673
3631.049
3631.049
3597.220
3557.980
3557.980
3538.083
3538.083
3505.449
3505.449
3502.051
3497.258
3497.258
3497.258
3490.604
3490.604
3490.604
3490.604
3490.604
3490.604
3483.731
3483.731
3483.731
3483.731
3483.731
3472.468
3472.468
3462.253
3462.253
3462.253
3462.253
3462.253
3461.703
3461.703
3461.703
3460.071
3460.071
3460.071
3460.071
3460.071
3442.494
3442.494
3442.494
3441.891
3441.891
3441.891
3438.020
3438.020
3380.985
3380.985
3380.985
3380.985
3380.985
3380.985
3380.985
3380.985
3357.126
3357.126
3357.126
3357.126
3357.126
3357.126
3357.126
3357.126
3336.684
3336.684
3336.684
3336.684
3326.333
3326.333
3301.141
3301.141
3301.141
3301.141
3295.643
3295.643
3292.656
3292.656
3236.614
3236.614
3236.614
3236.614
3195.630
3195.630
3195.630
3195.630
3195.630
3195.630
3195.066
3195.066
3161.355
3093.456
3093.456
3093.456
3009.168
3009.168
3009.168
3009.168
3009.168
3009.168
3009.168
3009.168
3009.168
3009.168
3009.168
3009.168
3009.168
3009.168
3009.168
2916.747
2897.841
2897.841
2897.841
2897.841
2897.841
2897.841
2897.841
2897.841
2897.841
2897.841
2897.841
2873.392
2873.392
2873.392
2873.392
2873.392
2873.392
2873.392
2873.263
2873.263
2873.263
2873.263
2873.263
2843.667
2843.667
2843.667
2843.667
2843.667
2843.667
2843.667
2843.667
2843.667
2843.667
2843.667
2843.667
2843.667
2843.667
2843.667
2843.667
2843.667
2843.667
2843.667
2843.667
2843.667
2836.561
2799.340
2799.340
2799.340
2799.340
2799.340
2799.340
2799.340
2789.683
2789.683
2789.683
2789.683
2778.520
2778.520
2778.520
2778.520
2778.520
2778.520
2778.520
2778.520
2778.520
2778.520
2778.520
2778.520
2778.520
2778.520
2767.568
2767.568
2767.568
2767.568
2767.568
2767.568
2767.568
2767.568
2767.568
2767.568
2767.568
2767.568
2767.568
2767.568
2767.568
2767.568
2767.568
2762.881
2762.881
2762.881
2762.881
2762.881
2762.881
2762.881
2762.881
2762.881
2762.881
2762.881
2762.881
2760.573
2760.573
2760.573
2760.573
2739.356
2733.837
2733.837
2733.837
2733.837
2727.656
2727.656
2727.656
2727.656
2727.656
2727.656
2727.656
2712.180
2712.180
2712.180
2712.180
2712.180
2709.871
2680.396
2680.396
2680.396
2680.396
2680.396
2680.396
2680.396
2680.396
2680.396
2680.396
2680.396
2680.396
2680.396
2680.396
2680.396
2680.396
2680.396
2680.396
2680.396
2680.396
2680.396
2651.550
2651.550
2651.550
2651.550
2651.550
2651.550
2651.550
2651.550
2651.550
2649.327
2649.327
2649.327
2649.327
2649.327
2635.918
2635.918
2635.918
2635.918
2625.982
2625.982
2625.982
2625.982
2625.982
2625.982
2625.982
2625.982
2625.982
2625.982
2625.982
2625.982
2625.982
2625.982
2625.982
2625.982
2625.982
2625.982
2624.708
2624.708
2624.708
2624.708
2624.708
2624.708
2588.967
2588.967
2588.967
2588.967
2588.967
2588.967
2583.110
2567.407
2567.407
2567.407
2567.407
2567.407
2567.407
2567.407
2567.407
2567.407
2567.407
2567.407
2567.407
2567.407
2567.407
2566.319
2566.319
2566.319
2566.319
2566.319
2566.319
2566.319
2566.319
2566.319
2566.319
2566.319
2566.319
2566.319
2566.319
2566.295
2566.295
2566.295
2566.295
2566.295
2566.295
2554.369
2554.369
2554.369
2530.397
2530.397
2518.016
2518.016
2518.016
2518.016
2518.016
2518.016
2518.016
2518.016
2518.016
2518.016
2518.016
2501.533
2501.533
2501.533
2501.533
2501.533
2501.533
2501.533
2501.533
2484.662
2484.662
2484.662
2471.151
2471.151
2471.151
2471.151
2471.151
2471.151
2459.043
2459.043
2459.043
2459.043
2459.043
2437.443
2437.443
2437.443
2437.443
2437.443
2416.026
2416.026
2416.026
2416.026
2416.026
2416.026
2416.026
2416.026
2366.264
2366.264
2347.173
2347.173
2347.173
2347.173
2347.173
2347.173
2347.173
2347.173
2347.173
2347.173
2347.173
2347.173
2347.173
2347.173
2347.173
2347.173
2347.173
2347.173
2347.173
2347.173
2347.173
2347.173
2347.173
2347.173
2347.173
2347.173
2347.173
2347.173
2319.518
2319.518
2319.518
2319.518
2319.518
2319.518
2319.518
2306.307
2306.307
2306.307
2306.307
2306.307
2306.307
2306.307
2306.307
2306.307
2306.307
2292.711
2292.711
2292.711
2292.711
2292.711
2292.711
2292.711
2292.711
2291.671
2291.671
2291.671
2291.671
2291.671
2291.671
2291.671
2291.671
2291.671
2291.671
2291.671
2291.671
2291.671
2291.671
2291.671
2291.671
2291.671
2291.671
2291.671
2291.671
2291.671
2291.671
2291.671
2279.631
2279.631
2279.631
2279.631
2279.631
2272.943
2272.943
2271.878
2271.878
2271.878
2271.878
2271.878
2271.878
2265.910
2265.910
2265.910
2265.910
2265.910
2265.910
2265.910
2265.910
2265.910
2265.910
2265.910
2265.910
2265.910
2265.910
2241.512
2241.512
2241.512
2237.916
2237.916
2237.916
2237.916
2237.916
2237.916
2237.916
2231.629
2231.629
2231.629
2231.629
2231.629
2231.629
2231.629
2231.629
2231.629
2231.629
2231.629
2230.607
2230.607
2230.607
2230.607
2230.607
2230.607
2230.607
2230.607
2230.607
2230.607
2230.607
2230.607
2230.607
2230.607
2230.607
2230.607
2230.607
2230.607
2230.607
2230.607
2230.607
2230.607
2230.607
2230.607
2230.607
2230.607
2230.607
2230.607
2230.607
2217.419
2217.419
2217.419
2217.419
2217.419
2217.419
2217.419
2217.419
2217.419
2217.419
2216.860
2216.860
2216.860
2216.860
2216.860
2216.860
2202.120
2202.120
2202.120
2174.850
2174.850
2174.850
2174.850
2174.850
2174.850
2174.850
2174.850
2174.850
2174.850
2172.728
2172.728
2172.728
2172.728
2172.728
2172.728
2172.728
2172.728
2172.728
2162.818
2162.818
2162.818
2162.818
2162.818
2162.818
2162.818
2162.818
2162.818
2162.818
2162.818
2162.818
2156.410
2156.410
2156.410
2156.410
2156.410
2156.410
2156.410
2156.410
2156.410
2156.410
2156.410
2149.599
2149.599
2149.599
2149.599
2149.599
2149.599
2149.599
2149.599
2144.535
2144.535
2144.535
2144.535
2144.535
2144.535
2144.535
2144.535
2144.535
2144.535
2144.535
2144.535
2144.535
2144.535
2144.535
2144.535
2144.535
2144.535
2144.535
2144.535
2144.535
2144.535
2144.535
2144.535
2144.535
2144.535
2144.535
2144.535
2144.535
2144.535
2144.535
2144.535
2144.535
2144.535
2144.535
2144.535
2144.535
2144.535
2144.535
2144.535
2144.535
2144.535
2144.535
2144.535
2144.535
2144.535
2144.535
2144.535
2144.535
2144.535
2144.535
2144.535
2144.535
2144.535
2144.535
2144.535
2144.535
2114.473
2111.666
2111.666
2111.666
2111.666
2109.569
2109.569
2109.569
2109.569
2101.994
2101.994
2101.994
2101.994
2101.994
2101.994
2101.994
2101.994
2101.994
2101.994
2101.994
2101.994
2101.994
2101.994
2101.994
2101.994
2101.994
2101.994
2101.994
2101.994
2101.994
2101.994
2101.994
2101.994
2101.994
2101.994
2101.994
2101.994
2101.994
2101.994
2101.994
2101.994
2101.994
2101.994
2101.994
2101.994
2101.994
2101.994
2101.994
2101.994
2101.994
2101.994
2101.994
2101.994
2101.994
2101.994
2101.994
2101.994
2101.994
2101.994
2101.994
2101.994
2101.994
2101.994
2101.994
2101.994
2101.994
2101.994
2101.994
2101.994
2101.994
2101.994
2101.994
2101.994
2101.994
2097.636
2097.636
2097.636
2097.636
2097.636
2097.636
2097.636
2097.636
2097.636
2097.636
2097.636
2097.636
2097.636
2097.636
2097.636
2087.624
2087.624
2087.624
2087.624
2087.624
2087.624
2076.231
2076.231
2076.231
2076.231
2076.231
2076.231
2076.231
2076.231
2076.231
2076.231
2076.231
2076.231
2076.231
2076.231
2076.231
2076.231
2076.231
2076.231
2076.231
2076.231
2076.231
2076.231
2076.231
2063.832
2047.193
2047.193
2028.128
2028.128
2028.128
2028.128
2028.128
2028.128
2028.128
2028.128
2028.128
2028.128
2028.128
2028.128
2028.128
2028.128
2028.128
2028.128
2015.029
2015.029
2007.271
2007.271
2007.271
2007.271
2007.271
2007.271
2007.271
2007.271
2007.271
2007.271
2007.271
2007.271
2007.271
2007.271
2007.271
2007.271
2007.271
2007.271
2007.271
2007.271
2007.271
2007.271
1948.935
1943.767
1943.767
1943.767
1943.767
1943.767
1943.767
1943.767
1921.270
1921.270
1921.270
1921.270
1921.270
1921.270
1921.270
1921.270
1891.317
1891.317
1891.317
1891.317
1891.317
1891.317
1891.317
1891.317
1891.317
1891.317
1891.317
1891.317
1891.317
1891.317
1891.317
1891.317
1891.317
1891.317
1891.317
1891.317
1891.317
1891.317
1891.317
1891.317
1891.317
1891.317
1891.317
1891.317
1891.317
1891.317
1891.317
1891.317
1891.317
1891.317
1891.317
1891.317
1891.317
1891.317
1891.317
1891.317
1891.317
1891.317
1891.317
1891.317
1891.317
1891.317
1891.317
1891.317
1891.317
1891.317
1891.317
1891.317
1891.317
1891.317
1891.317
1891.317
1891.317
1891.317
1891.317
1891.317
1891.317
1891.317
1891.317
1891.317
1891.317
1891.317
1891.317
1891.317
1883.427
1883.427
1883.427
1883.427
1883.427
1883.427
1883.427
1864.204
1863.502
1863.502
1863.502
1863.502
1863.502
1863.502
1863.502
1863.502
1863.502
1854.822
1854.822
1854.822
1854.822
1852.359
1852.359
1852.359
1852.359
1852.359
1852.359
1840.253
1840.253
1840.253
1840.253
1831.211
1831.211
1831.211
1831.211
1796.699
1796.699
1796.699
1789.740
1789.740
1789.740
1788.204
1788.204
1788.204
1788.204
1788.204
1788.204
1788.204
1788.204
1788.204
1788.204
1779.438
1779.438
1779.438
1779.438
1779.438
1779.438
1779.438
1779.438
1779.438
1779.438
1779.438
1779.438
1779.438
1779.438
1779.438
1779.438
1779.438
1779.438
1779.438
1779.438
1779.438
1772.971
1772.971
1772.971
1772.971
1772.971
1772.971
1772.971
1772.971
1772.971
1772.971
1772.971
1772.971
1772.971
1772.971
1772.971
1772.971
1772.971
1772.017
1772.017
1769.833
1769.833
1769.833
1769.833
1769.833
1769.833
1769.833
1769.833
1769.833
1769.833
1769.833
1769.833
1769.833
1769.833
1769.833
1769.833
1769.833
1769.833
1769.833
1769.833
1769.833
1769.833
1769.833
1769.833
1769.833
1769.833
1769.833
1769.833
1769.833
1768.184
1768.184
1768.184
1768.184
1768.184
1768.184
1768.184
1768.184
1768.184
1768.184
1768.184
1768.184
1768.184
1757.138
1757.138
1757.138
1757.138
1757.138
1757.138
1740.756
1740.756
1740.756
1740.756
1740.756
1740.756
1740.756
1740.756
1740.756
1740.756
1740.756
1740.756
1740.756
1740.756
1740.756
1740.756
1740.756
1740.756
1740.756
1740.756
1740.756
1740.756
1740.756
1740.756
1740.756
1740.756
1740.756
1740.756
1740.756
1740.756
1740.756
1740.756
1740.756
1740.756
1740.756
1740.756
1740.756
1740.756
1740.756
1740.756
1713.489
1713.489
1713.489
1713.489
1713.489
1713.489
1713.489
1713.489
1713.489
1713.489
1713.489
1713.489
1713.489
1713.489
1713.489
1713.489
1713.489
1713.489
1713.489
1713.489
1713.489
1713.489
1713.489
1713.489
1713.489
1700.973
1700.973
1700.973
1700.973
1700.973
1700.973
1700.973
1700.973
1700.973
1700.973
1700.973
1700.973
1700.973
1700.973
1700.973
1700.973
1700.973
1700.973
1700.973
1700.973
1700.973
1683.575
1683.575
1683.575
1683.575
1683.575
1683.575
1683.575
1683.575
1683.575
1683.575
1683.575
1683.575
1668.895
1657.691
1657.691
1657.691
1657.691
1657.691
1657.691
1657.691
1657.691
1657.691
1657.691
1657.691
1657.691
1657.691
1657.691
1657.691
1657.691
1657.691
1657.691
1657.691
1657.691
1657.691
1649.293
1649.293
1649.293
1649.293
1649.293
1649.293
1649.293
1649.293
1649.293
1649.293
1649.293
1649.293
1649.293
1649.293
1649.293
1649.293
1649.293
1649.293
1649.293
1649.026
1649.026
1649.026
1649.026
1649.026
1649.026
1649.026
1649.026
1649.026
1649.026
1649.026
1649.026
1649.026
1649.026
1649.026
1649.026
1649.026
1649.026
1649.026
1649.026
1649.026
1649.026
1649.026
1649.026
1649.026
1649.026
1649.026
1649.026
1649.026
1649.026
1649.026
1649.026
1649.026
1649.026
1649.026
1649.026
1649.026
1645.468
1645.468
1645.468
1645.468
1645.468
1645.468
1645.468
1645.468
1645.468
1645.468
1645.468
1645.468
1645.468
1645.468
1645.468
1645.468
1645.468
1645.468
1645.468
1645.468
1645.468
1645.468
1645.468
1645.468
1645.468
1645.468
1645.468
1645.468
1645.468
1645.468
1645.468
1645.468
1645.468
1645.468
1644.043
1644.043
1644.043
1644.043
1644.043
1644.043
1644.043
1644.043
1644.043
1644.043
1644.043
1644.043
1644.043
1644.043
1644.043
1644.043
1644.043
1644.043
1644.043
1644.043
1644.043
1644.043
1644.043
1635.626
1635.626
1635.626
1635.626
1635.626
1635.626
1635.626
1635.626
1635.626
1635.626
1635.626
1635.626
1635.626
1635.626
1635.626
1635.626
1635.626
1635.626
1635.626
1609.397
1609.397
1609.397
1609.397
1609.397
1609.397
1609.397
1609.397
1609.397
1609.397
1609.397
1609.397
1609.397
1609.397
1609.397
1609.397
1609.397
1609.397
1609.397
1609.397
1609.397
1609.397
1609.397
1609.397
1609.397
1609.397
1609.397
1609.397
1609.397
1609.397
1609.397
1609.397
1609.397
1609.397
1609.397
1609.397
1609.397
1609.397
1600.337
1600.337
1600.337
1600.337
1600.337
1600.337
1600.337
1600.337
1600.337
1596.210
1596.210
1596.210
1596.210
1596.210
1596.210
1596.210
1596.210
1580.039
1580.039
1580.039
1580.039
1580.039
1580.039
1580.039
1580.039
1580.039
1580.039
1580.039
1580.039
1580.039
1577.077
1577.077
1577.077
1577.077
1577.077
1577.077
1577.077
1577.077
1577.077
1577.077
1577.077
1577.077
1577.077
1577.077
1577.077
1577.077
1577.077
1577.077
1577.077
1577.077
1566.291
1566.291
1566.291
1566.291
1566.291
1566.291
1566.291
1566.291
1566.291
1566.291
1566.291
1566.291
1566.274
1566.274
1566.274
1566.274
1566.274
1566.274
1566.274
1558.090
1558.090
1558.090
1558.090
1558.090
1558.090
1558.090
1558.090
1558.090
1558.090
1558.090
1558.090
1558.090
1558.090
1558.090
1558.090
1558.090
1558.090
1558.090
1558.090
1558.090
1558.090
1558.090
1539.061
1539.061
1539.061
1539.061
1539.061
1539.061
1539.061
1539.061
1539.061
1539.061
1539.061
1539.061
1539.061
1539.061
1539.061
1539.061
1539.061
1539.061
1539.061
1539.061
1539.061
1539.061
1539.061
1539.061
1539.061
1539.061
1539.061
1539.061
1539.061
1539.061
1539.061
1539.061
1539.061
1539.061
1539.061
1539.061
1539.061
1539.061
1539.061
1539.061
1539.061
1539.061
1539.061
1539.061
1539.061
1539.061
1539.061
1539.061
1539.061
1539.061
1539.061
1539.061
1539.061
1539.061
1539.061
1536.312
1536.312
1536.312
1536.312
1536.312
1536.312
1536.312
1536.312
1536.312
1536.312
1536.312
1523.674
1523.674
1523.674
1520.145
1520.145
1520.145
1520.145
1520.145
1520.145
1520.145
1520.145
1520.145
1520.145
1520.145
1520.145
1520.145
1520.145
1520.145
1520.145
1520.145
1520.145
1520.145
1520.145
1520.145
1520.145
1520.145
1520.145
1520.145
1520.145
1520.145
1520.145
1520.145
1520.145
1520.145
1520.145
1520.145
1520.145
1520.145
1520.145
1520.145
1520.145
1520.145
1520.145
1520.145
1520.145
1520.145
1520.145
1520.145
1520.145
1520.145
1520.145
1520.145
1520.145
1520.145
1520.145
1520.145
1520.145
1520.145
1520.145
1520.145
1520.145
1520.145
1520.145
1520.145
1520.145
1520.145
1520.145
1520.145
1520.145
1520.145
1520.145
1520.145
1520.145
1520.145
1520.145
1520.145
1520.145
1520.145
1520.145
1520.145
1520.145
1520.145
1520.145
1520.145
1514.062
1514.062
1514.062
1514.062
1514.062
1514.062
1514.062
1514.062
1514.062
1514.062
1514.062
1514.062
1514.062
1514.062
1514.062
1514.062
1514.062
1514.062
1514.062
1514.062
1514.062
1514.062
1514.062
1514.062
1514.062
1514.062
1514.062
1514.062
1514.062
1514.062
1514.062
1514.062
1502.228
1502.228
1502.228
1502.228
1502.228
1502.228
1502.228
1502.228
1502.228
1502.228
1502.228
1502.228
1502.228
1502.228
1502.228
1502.228
1502.228
1502.228
1502.228
1502.228
1502.228
1502.228
1502.228
1502.228
1502.228
1502.228
1502.228
1502.228
1502.228
1502.228
1502.228
1502.228
1502.228
1502.228
1502.228
1502.228
1502.228
1502.228
1502.228
1502.228
1502.228
1502.228
1502.228
1502.228
1502.228
1502.228
1502.228
1502.228
1502.228
1502.228
1502.228
1499.336
1499.336
1499.336
1495.608
1495.608
1495.608
1495.608
1495.608
1495.608
1495.608
1495.608
1495.608
1489.683
1489.683
1489.683
1489.683
1489.683
1489.683
1489.683
1489.683
1489.683
1489.683
1489.683
1489.683
1489.683
1489.683
1489.683
1489.683
1489.683
1489.683
1489.683
1489.683
1489.683
1489.683
1489.683
1489.683
1489.683
1489.683
1489.683
1489.683
1489.683
1489.683
1489.683
1489.683
1489.683
1489.683
1489.683
1489.683
1489.683
1489.683
1489.683
1489.683
1489.683
1489.683
1489.683
1489.683
1489.683
1489.683
1489.683
1489.683
1489.683
1489.683
1489.683
1489.683
1489.683
1489.683
1489.683
1489.683
1489.683
1489.683
1489.683
1489.683
1489.683
1489.683
1489.683
1489.683
1489.683
1489.683
1489.683
1489.683
1489.683
1489.683
1489.683
1489.683
1489.683
1489.683
1489.683
1487.724
1487.724
1487.724
1487.724
1487.724
1487.724
1487.724
1487.724
1487.724
1487.724
1487.724
1487.724
1487.724
1485.677
1485.677
1485.677
1485.677
1485.677
1485.677
1485.677
1485.677
1485.677
1485.677
1485.677
1485.677
1485.340
1485.340
1485.340
1485.340
1485.340
1485.340
1485.340
1485.340
1485.340
1485.340
1485.340
1485.340
1485.340
1485.340
1485.340
1485.340
1485.340
1485.340
1485.340
1485.340
1485.340
1485.340
1485.340
1485.340
1485.340
1485.340
1485.340
1485.340
1485.340
1485.340
1485.340
1485.340
1485.340
1485.340
1485.340
1485.340
1485.340
1485.340
1485.340
1485.340
1485.340
1485.340
1485.340
1485.340
1485.340
1485.340
1485.340
1485.340
1485.340
1485.340
1485.340
1485.340
1485.340
1485.340
1485.340
1470.813
1470.813
1470.813
1470.813
1470.813
1470.813
1470.813
1470.813
1470.813
1470.813
1470.813
1470.813
1470.813
1470.813
1470.813
1470.813
1470.813
1470.813
1470.813
1470.813
1470.813
1470.813
1470.813
1470.813
1470.813
1470.813
1470.813
1470.813
1470.813
1470.813
1470.813
1470.813
1470.813
1470.813
1470.813
1470.813
1470.813
1470.813
1470.813
1470.813
1470.813
1470.813
1470.813
1470.813
1470.813
1470.813
1470.813
1470.813
1458.536
1458.536
1458.536
1458.536
1458.536
1458.536
1458.536
1458.536
1458.536
1458.536
1458.536
1458.536
1458.536
1458.536
1458.536
1458.536
1458.536
1458.536
1458.536
1458.536
1458.536
1458.536
1458.536
1458.536
1458.536
1458.536
1458.536
1458.536
1458.536
1458.536
1458.536
1458.536
1458.536
1458.536
1458.536
1458.536
1458.536
1458.536
1458.536
1458.536
1458.536
1458.536
1458.536
1458.536
1458.536
1458.536
1458.536
1458.536
1458.536
1458.536
1458.536
1458.536
1458.536
1458.536
1458.536
1458.536
1458.536
1458.536
1458.536
1458.536
1458.536
1458.536
1458.536
1458.536
1458.536
1458.536
1458.536
1458.536
1458.536
1458.536
1458.536
1458.536
1458.536
1458.536
1458.536
1458.536
1458.536
1458.536
1458.536
1458.536
1458.536
1457.261
1457.261
1457.261
1457.261
1457.261
1457.261
1457.261
1457.261
1457.261
1457.261
1457.261
1457.261
1457.261
1457.261
1457.261
1457.261
1457.261
1457.261
1457.261
1457.261
1457.261
1457.261
1457.261
1457.261
1457.261
1457.261
1457.261
1457.261
1457.261
1457.261
1457.261
1446.702
1446.702
1446.702
1446.702
1446.702
1446.702
1446.702
1446.702
1446.702
1446.702
1446.702
1446.702
1446.702
1446.702
1446.702
1446.702
1446.702
1446.702
1446.702
1446.702
1446.702
1446.702
1446.702
1446.702
1446.702
1446.612
1446.612
1446.612
1446.612
1446.612
1446.612
1446.612
1446.612
1446.174
1440.703
1440.703
1440.703
1440.703
1440.703
1440.703
1440.703
1440.703
1440.703
1440.703
1440.703
1440.703
1440.703
1440.703
1440.703
1440.703
1440.703
1440.703
1440.703
1440.703
1440.703
1440.703
1440.703
1440.703
1440.703
1425.465
1425.465
1425.465
1425.465
1425.465
1425.465
1425.465
1425.465
1425.465
1425.465
1425.465
1425.465
1425.465
1425.465
1425.465
1425.465
1425.355
1425.355
1425.355
1425.355
1425.355
1425.355
1425.355
1425.355
1425.355
1425.355
1425.355
1425.355
1425.355
1425.355
1425.355
1425.355
1425.355
1425.355
1425.355
1425.355
1425.355
1414.542
1414.542
1414.542
1414.542
1414.542
1414.542
1414.542
1414.542
1414.542
1414.542
1414.542
1414.542
1414.542
1414.542
1414.542
1414.542
1414.542
1414.542
1414.542
1414.542
1414.542
1414.542
1414.542
1414.542
1414.542
1414.542
1413.241
1413.241
1413.241
1413.241
1413.241
1413.241
1413.241
1413.241
1413.241
1413.241
1413.241
1413.241
1413.241
1413.241
1413.241
1413.241
1413.241
1413.241
1413.241
1413.241
1413.241
1413.241
1413.241
1413.241
1413.241
1413.241
1413.241
1413.241
1413.241
1413.241
1413.241
1413.241
1413.241
1413.241
1413.241
1413.241
1413.241
1413.241
1413.241
1413.241
1413.241
1413.241
1413.241
1413.241
1413.241
1413.241
1413.241
1413.241
1413.241
1413.241
1413.241
1413.241
1413.241
1413.241
1413.241
1413.241
1413.241
1413.241
1413.241
1413.241
1413.241
1413.241
1413.241
1413.241
1413.241
1413.241
1413.241
1413.241
1413.241
1413.241
1413.241
1413.241
1413.241
1413.241
1413.241
1413.241
1413.241
1413.241
1413.241
1413.241
1413.241
1413.241
1413.241
1413.241
1413.241
1413.241
1413.241
1413.241
1412.736
1412.736
1412.736
1412.736
1412.736
1412.736
1412.736
1412.736
1412.736
1412.736
1412.736
1412.736
1412.736
1412.736
1412.736
1412.736
1412.736
1412.736
1412.736
1412.736
1412.736
1412.736
1412.736
1412.736
1412.736
1412.736
1412.736
1412.736
1412.736
1412.736
1412.736
1412.736
1412.736
1412.736
1412.736
1412.736
1412.736
1401.386
1401.386
1401.386
1401.386
1401.386
1401.386
1401.386
1401.386
1401.386
1401.386
1401.386
1401.386
1401.386
1401.386
1401.386
1401.386
1401.386
1401.386
1401.386
1401.386
1401.386
1401.386
1401.386
1401.386
1401.386
1401.386
1401.386
1401.386
1401.386
1401.386
1401.386
1401.386
1401.386
1401.386
1401.386
1401.386
1401.386
1401.386
1401.386
1401.386
1401.386
1401.386
1401.386
1401.386
1401.386
1401.386
1401.386
1401.386
1401.386
1401.386
1401.386
1401.386
1401.386
1401.386
1401.386
1401.386
1401.386
1401.386
1401.386
1401.386
1401.386
1401.386
1401.386
1401.386
1401.386
1401.386
1401.386
1401.386
1401.386
1401.386
1401.386
1401.386
1401.386
1401.386
1401.386
1391.327
1391.327
1391.327
1391.327
1391.327
1391.327
1391.327
1391.327
1391.327
1391.327
1391.327
1391.327
1391.327
1391.327
1391.327
1391.327
1391.327
1391.327
1391.327
1391.327
1391.327
1391.327
1391.327
1391.327
1391.327
1391.327
1391.327
1391.327
1391.327
1391.327
1391.327
1391.327
1391.327
1391.327
1391.327
1391.327
1391.327
1391.327
1391.327
1391.327
1391.327
1391.327
1391.327
1391.327
1391.327
1391.327
1391.327
1391.327
1391.327
1391.327
1391.327
1391.327
1391.327
1391.327
1391.327
1391.327
1391.327
1391.327
1391.327
1391.327
1391.327
1368.547
1368.547
1368.547
1368.547
1368.547
1368.547
1368.547
1368.547
1368.547
1368.547
1368.547
1368.547
1368.547
1368.547
1368.547
1368.547
1368.547
1368.547
1368.547
1368.547
1368.547
1368.547
1368.547
1368.547
1368.547
1368.547
1368.547
1368.547
1368.547
1368.547
1368.547
1368.547
1368.547
1368.547
1368.547
1368.547
1368.547
1368.547
1368.547
1368.547
1368.547
1368.547
1368.547
1368.547
1368.547
1368.547
1368.547
1368.547
1368.547
1368.547
1368.547
1364.968
1364.968
1364.968
1364.968
1364.968
1364.968
1364.968
1364.968
1364.968
1364.968
1364.968
1364.968
1364.968
1364.968
1364.968
1364.968
1364.968
1364.968
1364.968
1364.968
1364.968
1364.968
1364.968
1364.968
1325.654
1325.654
1325.654
1325.654
1325.654
1325.654
1325.654
1325.654
1325.654
1308.195
1308.195
1308.195
1308.195
1308.195
1308.195
1274.441
1274.441
1274.441
1274.441
1274.441
1274.441
1274.441
1274.226
1274.226
1274.226
1274.226
1274.226
1268.493
1268.493
1268.493
1268.493
1268.493
1268.493
1268.493
1261.517
1261.517
1261.517
1261.517
1261.517
1261.517
1261.517
1261.517
1261.517
1261.517
1255.878
1255.878
1255.878
1255.878
1255.878
1255.878
1255.878
1255.878
1255.878
1255.878
1255.878
1255.878
1255.878
1255.878
1255.878
1255.878
1255.878
1255.878
1255.878
1255.878
1255.878
1255.878
1255.878
1255.878
1255.878
1255.878
1255.878
1255.878
1255.878
1255.878
1255.878
1255.878
1255.878
1255.878
1255.878
1255.878
1255.878
1255.878
1255.878
1255.878
1255.878
1255.878
1255.878
1255.878
1255.878
1255.878
1255.878
1255.878
1255.878
1255.878
1255.878
1255.878
1255.878
1255.878
1255.878
1255.878
1255.878
1255.878
1255.878
1250.050
1250.050
1250.050
1250.050
1250.050
1250.050
1250.050
1250.050
1250.050
1250.050
1250.050
1250.050
1250.050
1250.050
1250.050
1250.050
1250.050
1250.050
1250.050
1250.050
1250.050
1250.050
1250.050
1250.050
1250.050
1250.050
1250.050
1250.050
1250.050
1250.050
1250.050
1250.050
1250.050
1250.050
1250.050
1250.050
1250.050
1250.050
1250.050
1250.050
1250.050
1250.050
1250.050
1250.050
1250.050
1250.050
1250.050
1250.050
1250.050
1250.050
1250.050
1250.050
1250.050
1250.050
1250.050
1250.050
1250.050
1250.050
1250.050
1250.050
1250.050
1250.050
1250.050
1250.050
1250.050
1250.050
1250.050
1250.050
1250.050
1250.050
1250.050
1250.050
1250.050
1250.050
1250.050
1250.050
1250.050
1250.050
1250.050
1250.050
1250.050
1250.050
1250.050
1250.050
1250.050
1250.050
1250.050
1250.050
1250.050
1250.050
1250.050
1250.050
1250.050
1250.050
1250.050
1250.050
1250.050
1250.050
1250.050
1250.050
1250.050
